1586999300924
1586999430408
1586999853078
1587000026234
1587000340736
1587000671533
1587000944776
1587001568240
1587002298250
1587002804584
1587002993935
1587003204183
1587100100524
1587103894217
1587104242197
1587180228112
1587653609477
1587655843811
1587656181639
1587656434812
1588189317449
1588191044768
1596948207275
1598305463049
1598305674757
1601565621027
1620675296372
1620676244104
1620676271602
1620677432626
1620677827999
1620679024527
1621735229963
1621810889625
1621811186346
1621812773443
1621813364048
1621817855607
1621831359386
1621843425381
1621845317658
1621846365005
1621847198420
1621847883921
1621848395398
1621848595091
1621912042729
1621912354737
1623532325283
1623538843841
1631550941785
1653669901533
1653672557518
1653672849230
1653679729966
1653680386817
1653682384689
1653682988090
1653685132243
1653686537770
1653687074613
1653746015610
1653749515815
1653750393937
1653750626061
1653750881445
1653751297982
1653751445106
1653762902310
1653763129705
1653763326600
1653767101847
1653770773819
1653772510760
1653773007805
1653773298243
1653774707386
1656683467095
1656685192163
